1.000000000000000000e+00 0.000000000000000000e+00
1.529999999999999971e-01 0.000000000000000000e+00
5.899999999999999689e-02 0.000000000000000000e+00
3.400000000000000244e-02 8.000000000000000167e-03
3.099999999999999978e-02 1.299999999999999940e-02
-2.500000000000000139e-02 4.900000000000000189e-02
2.500000000000000139e-02 5.000000000000000278e-02
-2.299999999999999961e-02 6.500000000000000222e-02
2.199999999999999872e-02 7.699999999999999900e-02
-2.199999999999999872e-02 8.100000000000000255e-02
-2.100000000000000130e-02 9.800000000000000377e-02
-1.899999999999999953e-02 1.300000000000000044e-01
-1.899999999999999953e-02 1.380000000000000115e-01
-1.700000000000000122e-02 1.849999999999999978e-01
-1.600000000000000033e-02 2.099999999999999922e-01
-1.600000000000000033e-02 2.099999999999999922e-01
-1.499999999999999944e-02 2.250000000000000056e-01
-1.499999999999999944e-02 2.260000000000000064e-01
-1.499999999999999944e-02 2.369999999999999885e-01
-1.499999999999999944e-02 2.419999999999999929e-01
-1.400000000000000029e-02 2.540000000000000036e-01
-1.299999999999999940e-02 2.849999999999999756e-01
-1.299999999999999940e-02 2.899999999999999800e-01
-1.299999999999999940e-02 2.959999999999999853e-01
